872
252
160
152
152
144
148
640
144
148
156
156
160
144
156
148
160
156
156
160
140
144
140
140
156
156
144
144
140
140
400
156
152
144
156
140
144
140
140
140
144
140
144
140
144
140
140
144
140
140
144
140
140
144
140
258
222
234
222
228
216
222
222
222
222
228
222
234
222
222
210
210
216
210
210
216
216
222
222
222
216
216
210
216
210
216
210
210
216
216
216
222
222
216
210
216
216
216
216
252
432
300
216
216
234
228
240
234
234
234
228
234
234
234
228
234
234
234
234
234
228
234
234
234
228
228
228
216
216
216
216
228
234
216
222
216
216
216
222
216
216
216
216
216
216
222
228
222
216
222
216
222
222
234
222
222
222
228
216
216
216
228
228
222
216
228
216
216
216
216
216
222
228
222
228
216
222
222
216
252
222
222
228
216
216
222
222
216
222
216
216
216
222
216
222
222
228
228
222
216
402
216
210
216
216
210
222
216
210
222
222
216
216
216
216
216
210
210
210
222
222
228
216
222
216
216
222
216
222
216
222
222
222
222
222
210
228
228
216
216
222
216
222
216
216
210
210
228
216
222
216
222
216
210
222
216
222
216
210
210
228
216
216
216
222
216
222
222
222
222
216
216
222
222
216
216
222
216
222
222
216
216
216
222
216
222
222
222
222
228
228
216
216
216
222
216
222
222
216
216
